p = (1:8)/9;
q = 0.5;

